3305.0000,0.0000
3305.1172,-0.0100
3305.2344,-0.0073
3305.3516,-0.0035
3305.4687,-0.0124
3305.5859,-0.0096
3305.7031,0.0037
3305.8203,0.0161
3305.9375,0.0030
3306.0547,0.0003
3306.1719,-0.0052
3306.2891,-0.0032
3306.4062,-0.0030
3306.5234,-0.0038
3306.6406,0.0075
3306.7578,0.0124
3306.8750,-0.0033
3306.9922,0.0011
3307.1094,-0.0034
3307.2266,-0.0018
3307.3437,0.0035
3307.4609,0.0085
3307.5781,0.0024
3307.6953,0.0099
3307.8125,0.0064
3307.9297,0.0122
3308.0469,0.0094
3308.1641,0.0101
3308.2812,0.0119
3308.3984,0.0032
3308.5156,-0.0010
3308.6328,0.0001
3308.7500,0.0085
3308.8672,0.0075
3308.9844,0.0001
3309.1016,0.0048
3309.2187,0.0069
3309.3359,0.0114
3309.4531,0.0139
3309.5703,0.0193
3309.6875,0.0165
3309.8047,0.0179
3309.9219,0.0076
3310.0391,-0.0031
3310.1562,0.0074
3310.2734,0.0057
3310.3906,0.0037
3310.5078,0.0061
3310.6250,0.0111
3310.7422,0.0099
3310.8594,0.0074
3310.9766,0.0102
3311.0937,0.0247
3311.2109,0.0180
3311.3281,0.0106
3311.4453,0.0103
3311.5625,0.0173
3311.6797,0.0173
3311.7969,0.0071
3311.9141,0.0091
3312.0312,0.0147
3312.1484,0.0155
3312.2656,0.0094
3312.3828,0.0037
3312.5000,0.0145
3312.6172,0.0166
3312.7344,0.0242
3312.8516,0.0193
3312.9687,0.0222
3313.0859,0.0220
3313.2031,0.0157
3313.3203,0.0151
3313.4375,0.0174
3313.5547,0.0249
3313.6719,0.0222
3313.7891,0.0228
3313.9062,0.0211
3314.0234,0.0163
3314.1406,0.0218
3314.2578,0.0151
3314.3750,0.0202
3314.4922,0.0274
3314.6094,0.0242
3314.7266,0.0322
3314.8437,0.0304
3314.9609,0.0206
3315.0781,0.0291
3315.1953,0.0234
3315.3125,0.0260
3315.4297,0.0298
3315.5469,0.0288
3315.6641,0.0327
3315.7812,0.0378
3315.8984,0.0399
3316.0156,0.0293
3316.1328,0.0351
3316.2500,0.0291
3316.3672,0.0380
3316.4844,0.0326
3316.6016,0.0358
3316.7187,0.0498
3316.8359,0.0427
3316.9531,0.0392
3317.0703,0.0442
3317.1875,0.0472
3317.3047,0.0426
3317.4219,0.0431
3317.5391,0.0445
3317.6562,0.0347
3317.7734,0.0455
3317.8906,0.0439
3318.0078,0.0407
3318.1250,0.0461
3318.2422,0.0485
3318.3594,0.0374
3318.4766,0.0409
3318.5937,0.0440
3318.7109,0.0387
3318.8281,0.0422
3318.9453,0.0457
3319.0625,0.0459
3319.1797,0.0454
3319.2969,0.0542
3319.4141,0.0583
3319.5312,0.0638
3319.6484,0.0615
3319.7656,0.0533
3319.8828,0.0556
3320.0000,0.0586
3320.1172,0.0664
3320.2344,0.0563
3320.3516,0.0588
3320.4687,0.0730
3320.5859,0.0658
3320.7031,0.0619
3320.8203,0.0662
3320.9375,0.0733
3321.0547,0.0620
3321.1719,0.0656
3321.2891,0.0641
3321.4062,0.0725
3321.5234,0.0808
3321.6406,0.0829
3321.7578,0.0775
3321.8750,0.0695
3321.9922,0.0618
3322.1094,0.0667
3322.2266,0.0805
3322.3437,0.0855
3322.4609,0.0875
3322.5781,0.0845
3322.6953,0.0898
3322.8125,0.0917
3322.9297,0.0878
3323.0469,0.0855
3323.1641,0.0854
3323.2812,0.0887
3323.3984,0.0951
3323.5156,0.0931
3323.6328,0.0944
3323.7500,0.0960
3323.8672,0.0981
3323.9844,0.0968
3324.1016,0.1016
3324.2187,0.0992
3324.3359,0.0992
3324.4531,0.1029
3324.5703,0.0994
3324.6875,0.0996
3324.8047,0.1062
3324.9219,0.1134
3325.0391,0.1167
3325.1562,0.1201
3325.2734,0.1363
3325.3906,0.1340
3325.5078,0.1286
3325.6250,0.1372
3325.7422,0.1470
3325.8594,0.1440
3325.9766,0.1491
3326.0937,0.1451
3326.2109,0.1434
3326.3281,0.1394
3326.4453,0.1443
3326.5625,0.1439
3326.6797,0.1384
3326.7969,0.1344
3326.9141,0.1553
3327.0312,0.1622
3327.1484,0.1546
3327.2656,0.1547
3327.3828,0.1582
3327.5000,0.1696
3327.6172,0.1796
3327.7344,0.1755
3327.8516,0.1736
3327.9687,0.1841
3328.0859,0.1859
3328.2031,0.1830
3328.3203,0.1887
3328.4375,0.1990
3328.5547,0.2089
3328.6719,0.2128
3328.7891,0.2141
3328.9062,0.2157
3329.0234,0.2120
3329.1406,0.2174
3329.2578,0.2311
3329.3750,0.2485
3329.4922,0.2451
3329.6094,0.2379
3329.7266,0.2461
3329.8437,0.2590
3329.9609,0.2588
3330.0781,0.2590
3330.1953,0.2657
3330.3125,0.2847
3330.4297,0.2876
3330.5469,0.2935
3330.6641,0.2983
3330.7812,0.3085
3330.8984,0.3144
3331.0156,0.3147
3331.1328,0.3302
3331.2500,0.3435
3331.3672,0.3404
3331.4844,0.3542
3331.6016,0.3658
3331.7187,0.3659
3331.8359,0.3659
3331.9531,0.3703
3332.0703,0.3912
3332.1875,0.4045
3332.3047,0.4079
3332.4219,0.4190
3332.5391,0.4251
3332.6562,0.4470
3332.7734,0.4548
3332.8906,0.4643
3333.0078,0.4696
3333.1250,0.4812
3333.2422,0.5012
3333.3594,0.5083
3333.4766,0.5270
3333.5937,0.5333
3333.7109,0.5484
3333.8281,0.5653
3333.9453,0.5797
3334.0625,0.5922
3334.1797,0.6055
3334.2969,0.6188
3334.4141,0.6467
3334.5312,0.6610
3334.6484,0.6845
3334.7656,0.7032
3334.8828,0.7275
3335.0000,0.7379
3335.1172,0.7671
3335.2344,0.7787
3335.3516,0.7954
3335.4687,0.8260
3335.5859,0.8480
3335.7031,0.8851
3335.8203,0.9072
3335.9375,0.9292
3336.0547,0.9361
3336.1719,0.9535
3336.2891,0.9930
3336.4062,1.0240
3336.5234,1.0480
3336.6406,1.0726
3336.7578,1.0886
3336.8750,1.1155
3336.9922,1.1585
3337.1094,1.1901
3337.2266,1.2255
3337.3437,1.2493
3337.4609,1.2792
3337.5781,1.3200
3337.6953,1.3474
3337.8125,1.3756
3337.9297,1.4089
3338.0469,1.4526
3338.1641,1.4853
3338.2812,1.5224
3338.3984,1.5616
3338.5156,1.5991
3338.6328,1.6309
3338.7500,1.6646
3338.8672,1.7053
3338.9844,1.7387
3339.1016,1.7843
3339.2187,1.8135
3339.3359,1.8426
3339.4531,1.8845
3339.5703,1.9277
3339.6875,1.9549
3339.8047,1.9964
3339.9219,2.0254
3340.0391,2.0539
3340.1562,2.0861
3340.2734,2.1195
3340.3906,2.1526
3340.5078,2.1830
3340.6250,2.2094
3340.7422,2.2251
3340.8594,2.2382
3340.9766,2.2622
3341.0937,2.2810
3341.2109,2.2938
3341.3281,2.3005
3341.4453,2.3234
3341.5625,2.3349
3341.6797,2.3326
3341.7969,2.3294
3341.9141,2.3376
3342.0312,2.3279
3342.1484,2.3190
3342.2656,2.3108
3342.3828,2.2928
3342.5000,2.2730
3342.6172,2.2567
3342.7344,2.2396
3342.8516,2.2311
3342.9687,2.2073
3343.0859,2.1826
3343.2031,2.1554
3343.3203,2.1268
3343.4375,2.1034
3343.5547,2.0720
3343.6719,2.0426
3343.7891,2.0079
3343.9062,1.9902
3344.0234,1.9484
3344.1406,1.9164
3344.2578,1.8852
3344.3750,1.8635
3344.4922,1.8168
3344.6094,1.7725
3344.7266,1.7433
3344.8437,1.6976
3344.9609,1.6673
3345.0781,1.6192
3345.1953,1.5810
3345.3125,1.5505
3345.4297,1.5015
3345.5469,1.4507
3345.6641,1.4146
3345.7812,1.3865
3345.8984,1.3334
3346.0156,1.2839
3346.1328,1.2487
3346.2500,1.2172
3346.3672,1.1786
3346.4844,1.1293
3346.6016,1.0776
3346.7187,1.0363
3346.8359,0.9924
3346.9531,0.9499
3347.0703,0.9081
3347.1875,0.8637
3347.3047,0.8147
3347.4219,0.7757
3347.5391,0.7319
3347.6562,0.6830
3347.7734,0.6402
3347.8906,0.5903
3348.0078,0.5415
3348.1250,0.5058
3348.2422,0.4496
3348.3594,0.3991
3348.4766,0.3565
3348.5937,0.3121
3348.7109,0.2675
3348.8281,0.2119
3348.9453,0.1734
3349.0625,0.1227
3349.1797,0.0673
3349.2969,0.0179
3349.4141,-0.0386
3349.5312,-0.0842
3349.6484,-0.1373
3349.7656,-0.1793
3349.8828,-0.2296
3350.0000,-0.2898
3350.1172,-0.3478
3350.2344,-0.3982
3350.3516,-0.4551
3350.4687,-0.5137
3350.5859,-0.5617
3350.7031,-0.6221
3350.8203,-0.6823
3350.9375,-0.7454
3351.0547,-0.8032
3351.1719,-0.8634
3351.2891,-0.9346
3351.4062,-0.9789
3351.5234,-1.0510
3351.6406,-1.1330
3351.7578,-1.2029
3351.8750,-1.2710
3351.9922,-1.3490
3352.1094,-1.4155
3352.2266,-1.4950
3352.3437,-1.5615
3352.4609,-1.6275
3352.5781,-1.7071
3352.6953,-1.7814
3352.8125,-1.8518
3352.9297,-1.9251
3353.0469,-1.9978
3353.1641,-2.0758
3353.2812,-2.1382
3353.3984,-2.2004
3353.5156,-2.2603
3353.6328,-2.3125
3353.7500,-2.3586
3353.8672,-2.3998
3353.9844,-2.4308
3354.1016,-2.4653
3354.2187,-2.4721
3354.3359,-2.4782
3354.4531,-2.4815
3354.5703,-2.4768
3354.6875,-2.4476
3354.8047,-2.4130
3354.9219,-2.3692
3355.0391,-2.3124
3355.1562,-2.2452
3355.2734,-2.1702
3355.3906,-2.0839
3355.5078,-1.9753
3355.6250,-1.8686
3355.7422,-1.7503
3355.8594,-1.6105
3355.9766,-1.4782
3356.0937,-1.3315
3356.2109,-1.1751
3356.3281,-1.0119
3356.4453,-0.8495
3356.5625,-0.7005
3356.6797,-0.5237
3356.7969,-0.3621
3356.9141,-0.1982
3357.0312,-0.0268
3357.1484,0.1405
3357.2656,0.3017
3357.3828,0.4701
3357.5000,0.6318
3357.6172,0.7860
3357.7344,0.9396
3357.8516,1.0755
3357.9687,1.2238
3358.0859,1.3646
3358.2031,1.5018
3358.3203,1.6316
3358.4375,1.7545
3358.5547,1.8708
3358.6719,1.9913
3358.7891,2.1141
3358.9062,2.2223
3359.0234,2.3241
3359.1406,2.4235
3359.2578,2.5208
3359.3750,2.6174
3359.4922,2.7049
3359.6094,2.7931
3359.7266,2.8681
3359.8437,2.9417
3359.9609,3.0190
3360.0781,3.0831
3360.1953,3.1338
3360.3125,3.1854
3360.4297,3.2339
3360.5469,3.2626
3360.6641,3.2876
3360.7812,3.2975
3360.8984,3.2982
3361.0156,3.2959
3361.1328,3.2885
3361.2500,3.2775
3361.3672,3.2309
3361.4844,3.1858
3361.6016,3.1331
3361.7187,3.0539
3361.8359,2.9697
3361.9531,2.8705
3362.0703,2.7643
3362.1875,2.6470
3362.3047,2.5149
3362.4219,2.3761
3362.5391,2.2289
3362.6562,2.0776
3362.7734,1.9154
3362.8906,1.7553
3363.0078,1.5750
3363.1250,1.4137
3363.2422,1.2627
3363.3594,1.0947
3363.4766,0.9230
3363.5937,0.7590
3363.7109,0.5804
3363.8281,0.4118
3363.9453,0.2522
3364.0625,0.0987
3364.1797,-0.0584
3364.2969,-0.2139
3364.4141,-0.3610
3364.5312,-0.5172
3364.6484,-0.6481
3364.7656,-0.7882
3364.8828,-0.9173
3365.0000,-1.0370
3365.1172,-1.1640
3365.2344,-1.2741
3365.3516,-1.3856
3365.4687,-1.4743
3365.5859,-1.5749
3365.7031,-1.6658
3365.8203,-1.7517
3365.9375,-1.8139
3366.0547,-1.8821
3366.1719,-1.9386
3366.2891,-1.9803
3366.4062,-2.0137
3366.5234,-2.0301
3366.6406,-2.0493
3366.7578,-2.0612
3366.8750,-2.0571
3366.9922,-2.0442
3367.1094,-2.0347
3367.2266,-2.0135
3367.3437,-1.9870
3367.4609,-1.9548
3367.5781,-1.8984
3367.6953,-1.8505
3367.8125,-1.7983
3367.9297,-1.7399
3368.0469,-1.6717
3368.1641,-1.6031
3368.2812,-1.5226
3368.3984,-1.4392
3368.5156,-1.3536
3368.6328,-1.2768
3368.7500,-1.1898
3368.8672,-1.0879
3368.9844,-0.9986
3369.1016,-0.8986
3369.2187,-0.7977
3369.3359,-0.6898
3369.4531,-0.5921
3369.5703,-0.4978
3369.6875,-0.3884
3369.8047,-0.2815
3369.9219,-0.1967
3370.0391,-0.0987
3370.1562,-0.0125
3370.2734,0.0782
3370.3906,0.1727
3370.5078,0.2341
3370.6250,0.3088
3370.7422,0.3772
3370.8594,0.4360
3370.9766,0.4844
3371.0937,0.5260
3371.2109,0.5584
3371.3281,0.5872
3371.4453,0.6151
3371.5625,0.6200
3371.6797,0.6129
3371.7969,0.6150
3371.9141,0.6171
3372.0312,0.6066
3372.1484,0.5783
3372.2656,0.5647
3372.3828,0.5481
3372.5000,0.5367
3372.6172,0.5055
3372.7344,0.4705
3372.8516,0.4320
3372.9687,0.4123
3373.0859,0.3756
3373.2031,0.3394
3373.3203,0.3161
3373.4375,0.2805
3373.5547,0.2405
3373.6719,0.2147
3373.7891,0.1741
3373.9062,0.1429
3374.0234,0.1103
3374.1406,0.0734
3374.2578,0.0417
3374.3750,0.0142
3374.4922,-0.0090
3374.6094,-0.0382
3374.7266,-0.0699
3374.8437,-0.0922
3374.9609,-0.1173
3375.0781,-0.1308
3375.1953,-0.1441
3375.3125,-0.1758
3375.4297,-0.1903
3375.5469,-0.2059
3375.6641,-0.2278
3375.7812,-0.2444
3375.8984,-0.2619
3376.0156,-0.2784
3376.1328,-0.2861
3376.2500,-0.3017
3376.3672,-0.3107
3376.4844,-0.3262
3376.6016,-0.3448
3376.7187,-0.3480
3376.8359,-0.3691
3376.9531,-0.3855
3377.0703,-0.3828
3377.1875,-0.3868
3377.3047,-0.3962
3377.4219,-0.3962
3377.5391,-0.4076
3377.6562,-0.4094
3377.7734,-0.4212
3377.8906,-0.4278
3378.0078,-0.4319
3378.1250,-0.4350
3378.2422,-0.4438
3378.3594,-0.4411
3378.4766,-0.4516
3378.5937,-0.4562
3378.7109,-0.4640
3378.8281,-0.4735
3378.9453,-0.4789
3379.0625,-0.4663
3379.1797,-0.4617
3379.2969,-0.4807
3379.4141,-0.4901
3379.5312,-0.4898
3379.6484,-0.4896
3379.7656,-0.4962
3379.8828,-0.5106
3380.0000,-0.5033
3380.1172,-0.4915
3380.2344,-0.4857
3380.3516,-0.4998
3380.4687,-0.5119
3380.5859,-0.5101
3380.7031,-0.5095
3380.8203,-0.5072
3380.9375,-0.5126
3381.0547,-0.5135
3381.1719,-0.5201
3381.2891,-0.5273
3381.4062,-0.5200
3381.5234,-0.5287
3381.6406,-0.5353
3381.7578,-0.5313
3381.8750,-0.5270
3381.9922,-0.5229
3382.1094,-0.5244
3382.2266,-0.5376
3382.3437,-0.5362
3382.4609,-0.5391
3382.5781,-0.5360
3382.6953,-0.5450
3382.8125,-0.5526
3382.9297,-0.5508
3383.0469,-0.5513
3383.1641,-0.5518
3383.2812,-0.5532
3383.3984,-0.5557
3383.5156,-0.5560
3383.6328,-0.5610
3383.7500,-0.5701
3383.8672,-0.5758
3383.9844,-0.5757
3384.1016,-0.5784
3384.2187,-0.5936
3384.3359,-0.5980
3384.4531,-0.5952
3384.5703,-0.6041
3384.6875,-0.5966
3384.8047,-0.6087
3384.9219,-0.6201
3385.0391,-0.6128
3385.1562,-0.6155
3385.2734,-0.6299
3385.3906,-0.6347
3385.5078,-0.6366
3385.6250,-0.6442
3385.7422,-0.6415
3385.8594,-0.6475
3385.9766,-0.6543
3386.0937,-0.6596
3386.2109,-0.6619
3386.3281,-0.6668
3386.4453,-0.6769
3386.5625,-0.6926
3386.6797,-0.7022
3386.7969,-0.7061
3386.9141,-0.7171
3387.0312,-0.7257
3387.1484,-0.7218
3387.2656,-0.7276
3387.3828,-0.7314
3387.5000,-0.7588
3387.6172,-0.7673
3387.7344,-0.7699
3387.8516,-0.7785
3387.9687,-0.7915
3388.0859,-0.8030
3388.2031,-0.8024
3388.3203,-0.8100
3388.4375,-0.8200
3388.5547,-0.8230
3388.6719,-0.8461
3388.7891,-0.8624
3388.9062,-0.8665
3389.0234,-0.8856
3389.1406,-0.9015
3389.2578,-0.9129
3389.3750,-0.9196
3389.4922,-0.9273
3389.6094,-0.9441
3389.7266,-0.9528
3389.8437,-0.9535
3389.9609,-0.9662
3390.0781,-0.9753
3390.1953,-0.9963
3390.3125,-1.0050
3390.4297,-1.0303
3390.5469,-1.0431
3390.6641,-1.0483
3390.7812,-1.0557
3390.8984,-1.0644
3391.0156,-1.0812
3391.1328,-1.0879
3391.2500,-1.0806
3391.3672,-1.0896
3391.4844,-1.1089
3391.6016,-1.1223
3391.7187,-1.1355
3391.8359,-1.1493
3391.9531,-1.1662
3392.0703,-1.1700
3392.1875,-1.1750
3392.3047,-1.1837
3392.4219,-1.1951
3392.5391,-1.1972
3392.6562,-1.1955
3392.7734,-1.2029
3392.8906,-1.1977
3393.0078,-1.1990
3393.1250,-1.1992
3393.2422,-1.2007
3393.3594,-1.2031
3393.4766,-1.2045
3393.5937,-1.2059
3393.7109,-1.2050
3393.8281,-1.1896
3393.9453,-1.1985
3394.0625,-1.1924
3394.1797,-1.1901
3394.2969,-1.1812
3394.4141,-1.1734
3394.5312,-1.1630
3394.6484,-1.1639
3394.7656,-1.1473
3394.8828,-1.1256
3395.0000,-1.1247
3395.1172,-1.1192
3395.2344,-1.1128
3395.3516,-1.0912
3395.4687,-1.0706
3395.5859,-1.0643
3395.7031,-1.0476
3395.8203,-1.0427
3395.9375,-1.0319
3396.0547,-1.0164
3396.1719,-1.0020
3396.2891,-0.9990
3396.4062,-0.9849
3396.5234,-0.9762
3396.6406,-0.9673
3396.7578,-0.9384
3396.8750,-0.9290
3396.9922,-0.9087
3397.1094,-0.8977
3397.2266,-0.8933
3397.3437,-0.8869
3397.4609,-0.8642
3397.5781,-0.8463
3397.6953,-0.8325
3397.8125,-0.8208
3397.9297,-0.7917
3398.0469,-0.7759
3398.1641,-0.7773
3398.2812,-0.7614
3398.3984,-0.7390
3398.5156,-0.7233
3398.6328,-0.7133
3398.7500,-0.7033
3398.8672,-0.6940
3398.9844,-0.6813
3399.1016,-0.6788
3399.2187,-0.6710
3399.3359,-0.6520
3399.4531,-0.6318
3399.5703,-0.6242
3399.6875,-0.6135
3399.8047,-0.5936
3399.9219,-0.5875
3400.0391,-0.5710
3400.1562,-0.5673
3400.2734,-0.5513
3400.3906,-0.5354
3400.5078,-0.5331
3400.6250,-0.5204
3400.7422,-0.4986
3400.8594,-0.4938
3400.9766,-0.4893
3401.0937,-0.4705
3401.2109,-0.4677
3401.3281,-0.4540
3401.4453,-0.4444
3401.5625,-0.4323
3401.6797,-0.4373
3401.7969,-0.4316
3401.9141,-0.4130
3402.0312,-0.4072
3402.1484,-0.3912
3402.2656,-0.3857
3402.3828,-0.3821
3402.5000,-0.3752
3402.6172,-0.3713
3402.7344,-0.3705
3402.8516,-0.3651
3402.9687,-0.3487
3403.0859,-0.3394
3403.2031,-0.3434
3403.3203,-0.3323
3403.4375,-0.3235
3403.5547,-0.3116
3403.6719,-0.3128
3403.7891,-0.2954
3403.9062,-0.2897
3404.0234,-0.2855
3404.1406,-0.2850
3404.2578,-0.2811
3404.3750,-0.2638
3404.4922,-0.2620
3404.6094,-0.2662
3404.7266,-0.2621
3404.8437,-0.2569
3404.9609,-0.2479
3405.0781,-0.2485
3405.1953,-0.2342
3405.3125,-0.2360
3405.4297,-0.2267
3405.5469,-0.2310
3405.6641,-0.2256
3405.7812,-0.2172
3405.8984,-0.2101
3406.0156,-0.2114
3406.1328,-0.1980
3406.2500,-0.1970
3406.3672,-0.1936
3406.4844,-0.1885
3406.6016,-0.1843
3406.7187,-0.1783
3406.8359,-0.1815
3406.9531,-0.1823
3407.0703,-0.1752
3407.1875,-0.1675
3407.3047,-0.1525
3407.4219,-0.1593
3407.5391,-0.1660
3407.6562,-0.1548
3407.7734,-0.1507
3407.8906,-0.1549
3408.0078,-0.1525
3408.1250,-0.1567
3408.2422,-0.1551
3408.3594,-0.1457
3408.4766,-0.1359
3408.5937,-0.1387
3408.7109,-0.1350
3408.8281,-0.1374
3408.9453,-0.1313
3409.0625,-0.1208
3409.1797,-0.1179
3409.2969,-0.1235
3409.4141,-0.1221
3409.5312,-0.1252
3409.6484,-0.1204
3409.7656,-0.1085
3409.8828,-0.1172
3410.0000,-0.1092
3410.1172,-0.0988
3410.2344,-0.1054
3410.3516,-0.1058
3410.4687,-0.1040
3410.5859,-0.1044
3410.7031,-0.1062
3410.8203,-0.1098
3410.9375,-0.0925
3411.0547,-0.0854
3411.1719,-0.0908
3411.2891,-0.0951
3411.4062,-0.0954
3411.5234,-0.0885
3411.6406,-0.0848
3411.7578,-0.0789
3411.8750,-0.0816
3411.9922,-0.0866
3412.1094,-0.0796
3412.2266,-0.0820
3412.3437,-0.0782
3412.4609,-0.0732
3412.5781,-0.0771
3412.6953,-0.0693
3412.8125,-0.0681
3412.9297,-0.0770
3413.0469,-0.0726
3413.1641,-0.0722
3413.2812,-0.0677
3413.3984,-0.0772
3413.5156,-0.0744
3413.6328,-0.0652
3413.7500,-0.0712
3413.8672,-0.0602
3413.9844,-0.0469
3414.1016,-0.0510
3414.2187,-0.0632
3414.3359,-0.0627
3414.4531,-0.0611
3414.5703,-0.0522
3414.6875,-0.0494
3414.8047,-0.0459
3414.9219,-0.0474
3415.0391,-0.0544
3415.1562,-0.0539
3415.2734,-0.0520
3415.3906,-0.0506
3415.5078,-0.0557
3415.6250,-0.0589
3415.7422,-0.0563
3415.8594,-0.0502
3415.9766,-0.0380
3416.0937,-0.0311
3416.2109,-0.0380
3416.3281,-0.0483
3416.4453,-0.0487
3416.5625,-0.0338
3416.6797,-0.0252
3416.7969,-0.0250
3416.9141,-0.0332
3417.0312,-0.0391
3417.1484,-0.0372
3417.2656,-0.0373
3417.3828,-0.0435
3417.5000,-0.0344
3417.6172,-0.0166
3417.7344,-0.0244
3417.8516,-0.0277
3417.9687,-0.0319
3418.0859,-0.0317
3418.2031,-0.0246
3418.3203,-0.0275
3418.4375,-0.0258
3418.5547,-0.0088
3418.6719,-0.0325
3418.7891,-0.0292
3418.9062,-0.0294
3419.0234,-0.0144
3419.1406,-0.0155
3419.2578,-0.0150
3419.3750,-0.0076
3419.4922,-0.0142
3419.6094,-0.0129
3419.7266,-0.0095
3419.8437,-0.0125
3419.9609,-0.0182
3420.0781,-0.0200
3420.1953,-0.0110
3420.3125,-0.0177
3420.4297,-0.0236
3420.5469,-0.0092
3420.6641,-0.0216
3420.7812,-0.0167
3420.8984,-0.0185
3421.0156,-0.0177
3421.1328,-0.0168
3421.2500,-0.0129
3421.3672,-0.0135
3421.4844,-0.0156
3421.6016,-0.0129
3421.7187,-0.0109
3421.8359,-0.0113
3421.9531,-0.0072
3422.0703,-0.0130
3422.1875,-0.0222
3422.3047,-0.0242
3422.4219,-0.0225
3422.5391,-0.0108
3422.6562,-0.0068
3422.7734,-0.0018
3422.8906,-0.0121
3423.0078,-0.0152
3423.1250,-0.0095
3423.2422,-0.0006
3423.3594,-0.0033
3423.4766,-0.0083
3423.5937,-0.0127
3423.7109,-0.0115
3423.8281,-0.0135
3423.9453,-0.0133
3424.0625,-0.0021
3424.1797,-0.0026
3424.2969,-0.0036
3424.4141,0.0015
3424.5312,0.0059
3424.6484,-0.0034
3424.7656,-0.0059
3424.8828,0.0000
